36 36
4.03771e-05 0 0 -1.58283e-11 3.64052e-10 -3.16567e-11 8.70559e-11 -3.87794e-10 -2.69082e-10 2.37425e-11 -1.02093e-09 -3.49806e-09 -7.32061e-09 -1.57492e-09 2.80162e-09 7.04361e-10 2.70665e-09 6.21262e-09 4.83793e-08 7.67571e-06 -2.69557e-08 1.27814e-08 -1.19821e-08 1.71737e-09 -3.05487e-09 -1.85192e-09 1.07316e-08 2.93616e-09 7.04361e-09 -3.1261e-09 2.63542e-09 -4.90678e-10 2.18431e-09 3.70383e-09 -1.93106e-09 -2.53253e-10 
0 4.03771e-05 0 -6.33133e-11 5.53992e-11 -1.18713e-10 3.16567e-11 7.12275e-11 5.53992e-11 -3.16567e-11 -3.40309e-10 -1.65406e-09 -2.99156e-09 -6.80618e-10 1.32167e-09 3.87794e-10 1.2267e-09 2.50879e-09 2.00308e-08 3.20616e-06 -1.13647e-08 5.08881e-09 -4.83556e-09 7.04361e-10 -1.2821e-09 -5.46078e-10 4.6377e-09 1.13173e-09 2.9045e-09 -1.31375e-09 9.81357e-10 7.91417e-12 8.38902e-10 1.45621e-09 -8.86387e-10 5.53992e-11 
0 0 4.03771e-05 3.71966e-10 1.34541e-09 -3.16567e-10 -3.48223e-10 -1.51161e-09 -3.95708e-10 4.98593e-10 -5.42912e-09 -1.8994e-08 -3.76952e-08 -7.27312e-09 1.54405e-08 4.05205e-09 1.50923e-08 3.1538e-08 2.48988e-07 3.95103e-05 -1.39361e-07 6.40573e-08 -6.02822e-08 9.05381e-09 -1.59075e-08 -1.00431e-08 5.51064e-08 1.47441e-08 3.57008e-08 -1.64931e-08 1.33354e-08 -3.45058e-09 1.08662e-08 1.90731e-08 -9.85314e-09 -8.5473e-10 
-1.58283e-11 -6.33133e-11 3.71966e-10 4.03782e-05 1.99263e-10 3.44832e-12 2.96345e-10 6.67819e-11 3.68413e-11 -3.37039e-11 -3.06472e-12 6.84818e-12 2.6225e-10 -1.67247e-11 1.8528e-10 -5.07758e-11 -2.90725e-12 7.6077e-11 -1.54096e-10 9.09726e-11 -1.60654e-10 7.55238e-11 4.49896e-10 2.51598e-11 7.08641e-12 -6.07695e-12 -1.86306e-11 -1.74855e-10 -1.8413e-10 2.55817e-10 -2.80024e-11 8.81784e-11 -1.69307e-10 -1.70252e-10 -1.43263e-11 4.18643e-11 
3.64052e-10 5.53992e-11 1.34541e-09 1.99263e-10 4.03783e-05 -6.54211e-11 -2.39811e-10 1.73054e-10 1.72133e-11 -8.32562e-11 6.30267e-11 2.64995e-10 1.20772e-11 -1.12732e-10 -1.62786e-10 -4.74366e-11 -2.24044e-10 -3.07037e-11 -8.4936e-11 -1.0437e-10 -1.71217e-10 6.20737e-11 5.28957e-13 5.24919e-11 -1.74192e-10 1.00361e-10 8.9846e-11 5.65015e-11 1.30854e-10 2.78732e-11 5.24233e-11 -1.54165e-10 2.32782e-11 2.10965e-10 3.5105e-11 2.95449e-10 
-3.16567e-11 -1.18713e-10 -3.16567e-10 3.44832e-12 -6.54211e-11 4.03786e-05 -4.69116e-11 -1.40517e-11 -7.72641e-11 -1.43396e-10 -6.15165e-11 1.22863e-10 -1.24701e-10 -1.46077e-10 9.84829e-11 3.92882e-12 -3.5747e-11 -1.76381e-10 -3.63337e-10 1.94099e-10 2.66663e-10 -8.97733e-11 -1.9636e-11 -1.35482e-10 -2.03895e-10 1.13383e-10 1.85014e-11 1.13665e-10 -3.20362e-11 -1.24818e-10 -1.38058e-10 -5.1858e-11 -6.61398e-11 5.04932e-11 -3.90782e-11 5.93966e-11 
8.70559e-11 3.16567e-11 -3.48223e-10 2.96345e-10 -2.39811e-10 -4.69116e-11 4.03782e-05 -6.07493e-11 1.29195e-10 6.44036e-12 -2.46567e-10 -1.27915e-10 3.11196e-11 1.59333e-10 2.44431e-10 4.26182e-10 5.11998e-12 -6.45247e-11 -2.97544e-10 1.46319e-10 2.36698e-11 -1.51504e-10 -7.50029e-11 8.10435e-11 -2.39601e-10 3.52786e-11 3.38169e-11 -1.17622e-11 -3.7004e-10 2.14813e-12 8.74314e-11 1.61288e-10 5.55163e-11 1.03873e-10 -4.01725e-11 3.1217e-10 
-3.87794e-10 7.12275e-11 -1.51161e-09 6.67819e-11 1.73054e-10 -1.40517e-11 -6.07493e-11 4.03786e-05 -2.71791e-10 -2.66647e-10 -1.53034e-11 -5.86779e-11 -1.05388e-12 9.99487e-11 3.71025e-10 2.83255e-11 2.54194e-10 3.55358e-10 -2.23927e-10 1.64045e-10 7.42801e-11 3.43661e-11 -1.7223e-10 2.11595e-10 -1.76664e-10 7.10579e-11 -6.35152e-11 -3.11079e-10 1.25464e-10 -3.2163e-10 -8.41728e-11 -2.54671e-10 2.49385e-10 2.19453e-10 -1.53781e-10 -2.16121e-10 
-2.69082e-10 5.53992e-11 -3.95708e-10 3.68413e-11 1.72133e-11 -7.72641e-11 1.29195e-10 -2.71791e-10 4.03787e-05 -1.77665e-11 4.72633e-10 -1.91111e-11 2.01924e-10 1.25294e-11 2.09887e-11 1.64962e-10 -7.06622e-13 -8.27354e-12 -4.85591e-11 1.54254e-10 7.32707e-11 -2.6613e-10 1.79644e-11 1.29809e-10 -1.40166e-10 -1.14885e-10 -1.22367e-10 -2.55991e-10 -2.98639e-11 -1.61921e-10 -7.36623e-11 9.32337e-12 -2.48428e-10 4.1977e-10 1.27628e-10 -3.5105e-11 
2.37425e-11 -3.16567e-11 4.98593e-10 -3.37039e-11 -8.32562e-11 -1.43396e-10 6.44036e-12 -2.66647e-10 -1.77665e-11 4.03781e-05 5.61906e-11 2.685e-10 7.46597e-11 2.68702e-10 5.09899e-11 4.16423e-11 1.15983e-10 -1.53551e-10 1.75327e-10 -5.99539e-11 2.05704e-10 -2.11462e-10 -1.78953e-10 1.26425e-10 -6.91157e-11 2.16396e-10 -1.98028e-10 -1.15317e-10 -2.58967e-10 -5.0792e-11 -3.43297e-11 2.23196e-10 7.90205e-11 1.81073e-10 -9.45178e-11 -3.1601e-10 
-1.02093e-09 -3.40309e-10 -5.42912e-09 -3.06472e-12 6.30267e-11 -6.15165e-11 -2.46567e-10 -1.53034e-11 4.72633e-10 5.61906e-11 4.03783e-05 4.3104e-11 -8.0886e-11 2.90926e-11 1.30099e-11 -2.4013e-11 1.7351e-10 3.06529e-10 3.85372e-11 1.82216e-10 2.93745e-10 1.12946e-10 2.6292e-10 -1.05105e-10 1.33479e-10 -1.37206e-10 8.24689e-11 -9.83618e-12 -1.67243e-10 -3.16123e-11 2.85459e-10 -3.83837e-11 1.96736e-10 7.44982e-12 -1.03042e-10 -2.19917e-10 
-3.49806e-09 -1.65406e-09 -1.8994e-08 6.84818e-12 2.64995e-10 1.22863e-10 -1.27915e-10 -5.86779e-11 -1.91111e-11 2.685e-10 4.3104e-11 4.03784e-05 -9.72918e-11 -1.3509e-10 7.64848e-11 2.22546e-10 3.1689e-11 -1.53692e-10 2.92267e-10 -1.8251e-10 -2.43179e-10 -1.51015e-12 1.65774e-10 1.83576e-10 -1.32994e-10 1.1073e-10 -3.21291e-10 -1.00684e-10 -3.29286e-11 1.08093e-11 1.08743e-10 1.30891e-10 2.00075e-11 3.86179e-11 -1.66165e-10 1.46517e-10 
-7.32061e-09 -2.99156e-09 -3.76952e-08 2.6225e-10 1.20772e-11 -1.24701e-10 3.11196e-11 -1.05388e-12 2.01924e-10 7.46597e-11 -8.0886e-11 -9.72918e-11 4.03784e-05 -2.43878e-10 2.40336e-10 -3.66394e-11 -4.90557e-11 2.16109e-10 9.32903e-11 1.91176e-10 -1.74843e-10 3.54967e-11 2.29753e-12 1.51161e-10 -3.31426e-11 -5.55001e-11 -1.78432e-10 -2.93672e-11 -1.26162e-10 -1.68172e-10 1.40448e-10 -1.07891e-10 9.85637e-12 1.67066e-10 8.76333e-11 2.0811e-11 
-1.57492e-09 -6.80618e-10 -7.27312e-09 -1.67247e-11 -1.12732e-10 -1.46077e-10 1.59333e-10 9.99487e-11 1.25294e-11 2.68702e-10 2.90926e-11 -1.3509e-10 -2.43878e-10 4.03784e-05 1.75888e-11 2.64414e-10 4.11658e-11 -3.7132e-11 5.44337e-10 1.25819e-10 -2.49765e-10 -1.27927e-10 9.667e-11 -2.28929e-10 -5.10133e-10 1.70033e-10 -1.70595e-10 3.08063e-10 2.19578e-11 1.17776e-10 -5.71718e-11 -4.5773e-11 -5.07153e-11 1.11024e-10 3.17556e-10 -2.68916e-10 
2.80162e-09 1.32167e-09 1.54405e-08 1.8528e-10 -1.62786e-10 9.84829e-11 2.44431e-10 3.71025e-10 2.09887e-11 5.09899e-11 1.30099e-11 7.64848e-11 2.40336e-10 1.75888e-11 4.03787e-05 -7.65454e-11 -1.27414e-10 -2.72784e-10 3.77134e-12 5.2504e-11 2.02304e-10 4.35158e-11 1.37097e-10 1.64021e-10 1.38861e-11 1.20477e-10 2.37647e-10 4.74971e-11 -9.55636e-11 9.33508e-11 1.34985e-10 -4.38994e-11 -6.20939e-11 -6.92288e-11 -1.46816e-11 2.39218e-10 
7.04361e-10 3.87794e-10 4.05205e-09 -5.07758e-11 -4.74366e-11 3.92882e-12 4.26182e-10 2.83255e-11 1.64962e-10 4.16423e-11 -2.4013e-11 2.22546e-10 -3.66394e-11 2.64414e-10 -7.65454e-11 4.03785e-05 2.4227e-14 -1.57867e-10 2.30306e-10 2.77884e-11 -1.00579e-10 2.59137e-10 2.35051e-10 5.40667e-12 2.7102e-11 -2.59076e-10 6.49446e-11 2.34154e-11 -3.33041e-11 2.02175e-11 5.11594e-11 -2.75785e-10 -4.5502e-10 2.03342e-10 -2.19719e-10 -1.67655e-10 
2.70665e-09 1.2267e-09 1.50923e-08 -2.90725e-12 -2.24044e-10 -3.5747e-11 5.11998e-12 2.54194e-10 -7.06622e-13 1.15983e-10 1.7351e-10 3.1689e-11 -4.90557e-11 4.11658e-11 -1.27414e-10 2.4227e-14 4.03783e-05 -1.71019e-10 -6.58047e-11 3.78935e-10 -1.45249e-10 1.85611e-10 -3.35746e-10 3.72975e-11 -5.84114e-11 -1.57443e-10 8.15563e-11 -3.56905e-11 2.24023e-10 -1.3492e-10 -2.04e-10 1.07346e-10 2.11514e-10 -2.93781e-10 -2.41899e-10 -3.35306e-10 
6.21262e-09 2.50879e-09 3.1538e-08 7.6077e-11 -3.07037e-11 -1.76381e-10 -6.45247e-11 3.55358e-10 -8.27354e-12 -1.53551e-10 3.06529e-10 -1.53692e-10 2.16109e-10 -3.7132e-11 -2.72784e-10 -1.57867e-10 -1.71019e-10 4.03786e-05 1.02529e-10 4.47998e-11 2.49296e-11 -1.27277e-10 -7.14415e-11 2.61406e-10 -8.80209e-11 6.61721e-11 -7.50231e-11 9.02659e-11 -3.53957e-11 -9.62864e-11 1.0391e-10 7.06097e-11 -8.68095e-11 2.81139e-10 -3.351e-11 1.08824e-10 
4.83793e-08 2.00308e-08 2.48988e-07 -1.54096e-10 -8.4936e-11 -3.63337e-10 -2.97544e-10 -2.23927e-10 -4.85591e-11 1.75327e-10 3.85372e-11 2.92267e-10 9.32903e-11 5.44337e-10 3.77134e-12 2.30306e-10 -6.58047e-11 1.02529e-10 4.03787e-05 -8.1306e-11 -2.68557e-11 -9.74089e-11 6.33739e-11 -2.41746e-11 9.80913e-11 4.28447e-10 -1.82535e-10 4.2296e-10 1.14978e-10 -5.80965e-11 -8.96078e-11 -2.31114e-10 3.36473e-11 -1.29909e-10 1.70453e-10 -7.9384e-11 
7.67571e-06 3.20616e-06 3.95103e-05 9.09726e-11 -1.0437e-10 1.94099e-10 1.46319e-10 1.64045e-10 1.54254e-10 -5.99539e-11 1.82216e-10 -1.8251e-10 1.91176e-10 1.25819e-10 5.2504e-11 2.77884e-11 3.78935e-10 4.47998e-11 -8.1306e-11 4.03784e-05 9.0484e-11 -8.54084e-11 4.26396e-12 -2.28946e-12 -4.04148e-11 3.10724e-10 -5.48662e-11 2.54844e-10 3.48236e-10 1.15773e-10 8.94341e-11 8.63815e-11 9.49216e-11 5.56495e-11 -7.72156e-11 -7.34483e-11 
-2.69557e-08 -1.13647e-08 -1.39361e-07 -1.60654e-10 -1.71217e-10 2.66663e-10 2.36698e-11 7.42801e-11 7.32707e-11 2.05704e-10 2.93745e-10 -2.43179e-10 -1.74843e-10 -2.49765e-10 2.02304e-10 -1.00579e-10 -1.45249e-10 2.49296e-11 -2.68557e-11 9.0484e-11 4.03783e-05 1.7246e-10 2.16812e-10 7.12477e-11 4.42507e-11 -8.16209e-11 -1.09066e-10 -6.50214e-11 -7.97595e-11 8.61796e-11 -5.6239e-11 -1.62523e-10 2.60562e-11 2.29535e-10 1.80047e-11 1.04362e-10 
1.27814e-08 5.08881e-09 6.40573e-08 7.55238e-11 6.20737e-11 -8.97733e-11 -1.51504e-10 3.43661e-11 -2.6613e-10 -2.11462e-10 1.12946e-10 -1.51015e-12 3.54967e-11 -1.27927e-10 4.35158e-11 2.59137e-10 1.85611e-10 -1.27277e-10 -9.74089e-11 -8.54084e-11 1.7246e-10 4.03787e-05 2.12495e-10 -5.80238e-11 4.74325e-11 -1.16629e-10 -5.71314e-11 -2.06935e-10 -6.7016e-11 6.50092e-13 -5.56213e-11 1.06074e-11 -9.4546e-11 -3.71417e-10 -1.04584e-10 -4.87832e-10 
-1.19821e-08 -4.83556e-09 -6.02822e-08 4.49896e-10 5.28957e-13 -1.9636e-11 -7.50029e-11 -1.7223e-10 1.79644e-11 -1.78953e-10 2.6292e-10 1.65774e-10 2.29753e-12 9.667e-11 1.37097e-10 2.35051e-10 -3.35746e-10 -7.14415e-11 6.33739e-11 4.26396e-12 2.16812e-10 2.12495e-10 4.03789e-05 2.74525e-10 1.92395e-10 -1.86338e-10 -4.38994e-11 -1.44543e-10 1.07871e-10 4.99642e-11 3.17374e-11 -1.33604e-10 1.9659e-10 -1.2053e-11 -6.48881e-12 9.65165e-11 
1.71737e-09 7.04361e-10 9.05381e-09 2.51598e-11 5.24919e-11 -1.35482e-10 8.10435e-11 2.11595e-10 1.29809e-10 1.26425e-10 -1.05105e-10 1.83576e-10 1.51161e-10 -2.28929e-10 1.64021e-10 5.40667e-12 3.72975e-11 2.61406e-10 -2.41746e-11 -2.28946e-12 7.12477e-11 -5.80238e-11 2.74525e-10 4.03787e-05 -1.96562e-10 -1.11566e-11 -9.90846e-11 -1.72476e-10 -1.61332e-10 -1.30422e-12 2.86654e-10 1.40234e-11 -1.16088e-11 6.00831e-12 -1.35934e-10 -1.72295e-11 
-3.05487e-09 -1.2821e-09 -1.59075e-08 7.08641e-12 -1.74192e-10 -2.03895e-10 -2.39601e-10 -1.76664e-10 -1.40166e-10 -6.91157e-11 1.33479e-10 -1.32994e-10 -3.31426e-11 -5.10133e-10 1.38861e-11 2.7102e-11 -5.84114e-11 -8.80209e-11 9.80913e-11 -4.04148e-11 4.42507e-11 4.74325e-11 1.92395e-10 -1.96562e-10 4.03782e-05 -1.33479e-10 1.96966e-11 -1.28452e-10 -4.64029e-11 -1.31714e-11 -3.88436e-10 1.24713e-10 -3.41646e-10 -1.53704e-10 2.11365e-10 3.98979e-11 
-1.85192e-09 -5.46078e-10 -1.00431e-08 -6.07695e-12 1.00361e-10 1.13383e-10 3.52786e-11 7.10579e-11 -1.14885e-10 2.16396e-10 -1.37206e-10 1.1073e-10 -5.55001e-11 1.70033e-10 1.20477e-10 -2.59076e-10 -1.57443e-10 6.61721e-11 4.28447e-10 3.10724e-10 -8.16209e-11 -1.16629e-10 -1.86338e-10 -1.11566e-11 -1.33479e-10 4.03782e-05 2.65209e-10 8.0135e-11 -1.49134e-10 -1.16221e-10 1.33281e-10 1.52893e-10 -3.15311e-10 -2.74052e-10 1.74939e-10 -5.13452e-11 
1.07316e-08 4.6377e-09 5.51064e-08 -1.86306e-11 8.9846e-11 1.85014e-11 3.38169e-11 -6.35152e-11 -1.22367e-10 -1.98028e-10 8.24689e-11 -3.21291e-10 -1.78432e-10 -1.70595e-10 2.37647e-10 6.49446e-11 8.15563e-11 -7.50231e-11 -1.82535e-10 -5.48662e-11 -1.09066e-10 -5.71314e-11 -4.38994e-11 -9.90846e-11 1.96966e-11 2.65209e-10 4.03785e-05 -1.64138e-10 3.1311e-10 -1.14432e-10 2.43106e-10 1.76268e-10 -3.15674e-10 1.4021e-10 -9.25917e-11 2.41221e-11 
2.93616e-09 1.13173e-09 1.47441e-08 -1.74855e-10 5.65015e-11 1.13665e-10 -1.17622e-11 -3.11079e-10 -2.55991e-10 -1.15317e-10 -9.83618e-12 -1.00684e-10 -2.93672e-11 3.08063e-10 4.74971e-11 2.34154e-11 -3.56905e-11 9.02659e-11 4.2296e-10 2.54844e-10 -6.50214e-11 -2.06935e-10 -1.44543e-10 -1.72476e-10 -1.28452e-10 8.0135e-11 -1.64138e-10 4.03781e-05 -1.20025e-10 2.17874e-10 1.81432e-10 -9.34397e-11 -1.26707e-11 7.03311e-11 -2.07182e-11 -1.18402e-10 
7.04361e-09 2.9045e-09 3.57008e-08 -1.8413e-10 1.30854e-10 -3.20362e-11 -3.7004e-10 1.25464e-10 -2.98639e-11 -2.58967e-10 -1.67243e-10 -3.29286e-11 -1.26162e-10 2.19578e-11 -9.55636e-11 -3.33041e-11 2.24023e-10 -3.53957e-11 1.14978e-10 3.48236e-10 -7.97595e-11 -6.7016e-11 1.07871e-10 -1.61332e-10 -4.64029e-11 -1.49134e-10 3.1311e-10 -1.20025e-10 4.03783e-05 1.7221e-10 1.11929e-10 3.73944e-11 4.65967e-12 1.85519e-10 1.33289e-10 2.09241e-11 
-3.1261e-09 -1.31375e-09 -1.64931e-08 2.55817e-10 2.78732e-11 -1.24818e-10 2.14813e-12 -3.2163e-10 -1.61921e-10 -5.0792e-11 -3.16123e-11 1.08093e-11 -1.68172e-10 1.17776e-10 9.33508e-11 2.02175e-11 -1.3492e-10 -9.62864e-11 -5.80965e-11 1.15773e-10 8.61796e-11 6.50092e-13 4.99642e-11 -1.30422e-12 -1.31714e-11 -1.16221e-10 -1.14432e-10 2.17874e-10 1.7221e-10 4.03782e-05 4.49331e-11 -8.37569e-11 -4.119e-11 7.46355e-11 -8.16694e-11 2.43143e-10 
2.63542e-09 9.81357e-10 1.33354e-08 -2.80024e-11 5.24233e-11 -1.38058e-10 8.74314e-11 -8.41728e-11 -7.36623e-11 -3.43297e-11 2.85459e-10 1.08743e-10 1.40448e-10 -5.71718e-11 1.34985e-10 5.11594e-11 -2.04e-10 1.0391e-10 -8.96078e-11 8.94341e-11 -5.6239e-11 -5.56213e-11 3.17374e-11 2.86654e-10 -3.88436e-10 1.33281e-10 2.43106e-10 1.81432e-10 1.11929e-10 4.49331e-11 4.03786e-05 1.83936e-10 1.41324e-11 -1.7372e-10 -7.90529e-11 -1.46776e-11 
-4.90678e-10 7.91417e-12 -3.45058e-09 8.81784e-11 -1.54165e-10 -5.1858e-11 1.61288e-10 -2.54671e-10 9.32337e-12 2.23196e-10 -3.83837e-11 1.30891e-10 -1.07891e-10 -4.5773e-11 -4.38994e-11 -2.75785e-10 1.07346e-10 7.06097e-11 -2.31114e-10 8.63815e-11 -1.62523e-10 1.06074e-11 -1.33604e-10 1.40234e-11 1.24713e-10 1.52893e-10 1.76268e-10 -9.34397e-11 3.73944e-11 -8.37569e-11 1.83936e-10 4.03786e-05 -1.5775e-10 1.69476e-10 2.14652e-10 7.80918e-12 
2.18431e-09 8.38902e-10 1.08662e-08 -1.69307e-10 2.32782e-11 -6.61398e-11 5.55163e-11 2.49385e-10 -2.48428e-10 7.90205e-11 1.96736e-10 2.00075e-11 9.85637e-12 -5.07153e-11 -6.20939e-11 -4.5502e-10 2.11514e-10 -8.68095e-11 3.36473e-11 9.49216e-11 2.60562e-11 -9.4546e-11 1.9659e-10 -1.16088e-11 -3.41646e-10 -3.15311e-10 -3.15674e-10 -1.26707e-11 4.65967e-12 -4.119e-11 1.41324e-11 -1.5775e-10 4.03787e-05 4.31726e-11 -5.70507e-11 -3.79032e-11 
3.70383e-09 1.45621e-09 1.90731e-08 -1.70252e-10 2.10965e-10 5.04932e-11 1.03873e-10 2.19453e-10 4.1977e-10 1.81073e-10 7.44982e-12 3.86179e-11 1.67066e-10 1.11024e-10 -6.92288e-11 2.03342e-10 -2.93781e-10 2.81139e-10 -1.29909e-10 5.56495e-11 2.29535e-10 -3.71417e-10 -1.2053e-11 6.00831e-12 -1.53704e-10 -2.74052e-10 1.4021e-10 7.03311e-11 1.85519e-10 7.46355e-11 -1.7372e-10 1.69476e-10 4.31726e-11 4.03786e-05 3.00843e-10 9.31934e-12 
-1.93106e-09 -8.86387e-10 -9.85314e-09 -1.43263e-11 3.5105e-11 -3.90782e-11 -4.01725e-11 -1.53781e-10 1.27628e-10 -9.45178e-11 -1.03042e-10 -1.66165e-10 8.76333e-11 3.17556e-10 -1.46816e-11 -2.19719e-10 -2.41899e-10 -3.351e-11 1.70453e-10 -7.72156e-11 1.80047e-11 -1.04584e-10 -6.48881e-12 -1.35934e-10 2.11365e-10 1.74939e-10 -9.25917e-11 -2.07182e-11 1.33289e-10 -8.16694e-11 -7.90529e-11 2.14652e-10 -5.70507e-11 3.00843e-10 4.03788e-05 -2.92538e-10 
-2.53253e-10 5.53992e-11 -8.5473e-10 4.18643e-11 2.95449e-10 5.93966e-11 3.1217e-10 -2.16121e-10 -3.5105e-11 -3.1601e-10 -2.19917e-10 1.46517e-10 2.0811e-11 -2.68916e-10 2.39218e-10 -1.67655e-10 -3.35306e-10 1.08824e-10 -7.9384e-11 -7.34483e-11 1.04362e-10 -4.87832e-10 9.65165e-11 -1.72295e-11 3.98979e-11 -5.13452e-11 2.41221e-11 -1.18402e-10 2.09241e-11 2.43143e-10 -1.46776e-11 7.80918e-12 -3.79032e-11 9.31934e-12 -2.92538e-10 4.03786e-05 
